280 15 1
283 13 5
305 15 1
307 13 5
311 13 5
314 13 5
318 13 5
272 17 4
276 17 5
279 17 5
283 17 5
301 18 1
304 17 5
308 18 2
318 17 5
321 17 5
147 22 2
178 21 4
272 21 5
283 21 5
300 21 5
304 21 5
319 22 1
321 21 5
434 22 2
139 24 5
143 24 5
146 24 5
168 25 2
171 24 5
174 24 5
178 24 5
283 24 5
319 26 1
321 24 5
426 24 5
430 24 5
433 24 5
136 28 5
139 28 4
146 28 5
164 29 2
167 28 5
171 29 3
174 28 5
178 28 5
283 28 5
318 28 5
321 28 5
423 28 5
426 28 4
433 28 5
146 31 5
174 31 5
178 31 5
283 31 5
315 32 3
318 31 5
433 31 5
146 35 5
174 35 5
178 35 5
283 35 5
312 36 2
314 35 5
433 35 5
146 39 5
174 39 5
178 39 5
283 39 5
308 40 1
311 39 5
315 40 1
433 39 5
146 42 5
174 42 5
178 42 5
283 42 5
307 42 5
312 44 1
433 42 5
146 46 5
174 46 5
178 46 5
283 46 5
304 46 5
308 47 2
433 46 5
146 49 5
174 49 5
178 49 5
283 49 5
300 50 4
304 49 5
307 49 5
311 49 5
314 49 5
318 49 5
321 49 5
325 50 4
433 49 5
146 53 5
174 53 5
178 53 5
433 53 5
146 57 5
174 57 5
178 57 5
433 57 5
147 61 2
175 61 2
179 61 2
434 61 2
48 125 4
52 125 5
56 126 2
74 126 1
76 125 5
80 125 5
83 125 5
87 125 5
91 126 1
518 126 1
521 125 5
524 125 5
528 125 5
531 125 5
535 125 5
41 129 5
45 129 5
48 129 5
52 129 5
56 130 2
73 129 5
77 129 3
87 129 4
90 129 5
517 129 5
521 129 3
532 130 1
535 129 5
42 133 2
52 132 5
56 133 2
70 134 1
73 132 5
90 132 5
515 134 1
517 132 5
535 132 5
539 133 2
52 136 5
56 137 2
70 137 3
73 136 5
90 136 5
95 137 1
535 136 5
52 139 5
56 140 2
70 140 3
73 139 5
90 139 5
95 141 1
531 140 4
535 139 5
52 143 5
56 144 2
70 144 3
73 143 5
90 143 5
95 144 1
529 144 1
531 143 5
52 147 5
56 148 2
70 147 3
73 147 5
90 147 5
95 148 1
525 148 1
528 147 5
532 148 1
52 150 5
56 151 2
70 151 2
73 150 5
90 150 5
524 150 5
529 151 1
52 154 5
56 155 2
73 154 5
90 154 5
521 154 5
525 155 3
52 157 5
56 158 2
73 157 5
76 157 5
87 157 5
90 158 5
517 157 5
521 158 5
525 159 2
529 159 2
532 159 2
536 159 2
539 159 2
52 161 5
56 162 2
76 161 5
80 161 5
83 161 5
87 161 4
517 161 5
521 161 5
524 161 5
528 161 5
531 161 5
535 161 5
538 161 5
55 262 5
59 262 5
62 262 5
528 262 4
531 262 5
535 262 5
539 263 2
52 265 5
55 266 5
60 267 1
62 266 5
66 265 5
524 265 5
528 265 5
532 267 1
535 266 2
538 265 5
542 266 4
48 269 4
52 269 5
66 269 5
69 269 5
521 270 3
524 269 5
539 270 2
542 269 5
48 273 5
52 273 4
67 274 2
69 273 5
542 273 5
48 276 5
52 277 5
69 276 5
538 276 5
542 276 5
48 280 4
52 280 5
66 280 5
69 280 5
528 281 2
531 280 5
535 280 5
538 280 5
52 283 5
55 283 5
59 284 3
62 283 5
66 284 5
69 283 5
536 284 2
538 283 5
542 284 5
55 287 4
59 287 5
63 288 2
67 288 2
69 287 5
542 287 5
66 291 5
70 291 4
521 291 4
524 291 4
542 291 5
62 295 5
66 294 5
521 295 3
524 294 5
539 295 2
542 294 5
55 298 5
59 298 5
62 298 5
524 298 5
528 298 5
531 298 5
535 298 5
538 298 5
543 299 1
532 302 2
536 303 1
59 402 5
62 402 5
66 402 5
69 402 5
73 402 5
531 402 5
535 402 5
56 406 4
59 406 5
73 406 5
77 407 2
528 407 3
531 406 5
535 406 5
55 409 5
59 410 5
73 409 5
76 409 5
528 409 5
532 411 1
535 409 5
55 413 5
59 413 5
73 413 5
76 413 4
524 413 5
528 414 4
532 414 1
535 413 5
59 417 5
63 417 4
69 417 4
73 417 5
522 418 2
524 417 5
532 418 1
535 417 5
59 421 4
62 420 5
66 420 5
69 420 5
73 421 4
521 420 5
532 422 1
535 420 5
55 424 5
59 424 5
73 424 5
77 424 4
517 424 5
521 424 5
532 425 1
535 424 5
55 427 5
60 429 2
73 428 3
76 427 5
515 429 1
517 427 5
521 427 5
524 427 5
528 427 5
531 427 5
535 427 5
538 427 5
542 428 3
55 431 5
60 432 2
73 432 4
76 431 5
532 432 1
535 431 5
55 435 5
59 435 5
70 436 1
73 435 5
77 435 4
532 436 1
535 435 5
59 439 4
62 438 5
66 438 5
69 438 5
73 439 3
532 440 1
535 438 5
146 499 5
150 499 5
153 499 5
157 499 5
160 499 5
164 499 5
167 499 5
171 499 5
424 501 1
426 499 5
430 499 5
433 499 5
437 499 5
440 499 5
167 503 5
172 504 1
423 504 3
426 503 5
165 508 2
167 507 5
423 507 4
426 507 5
164 510 5
168 511 2
294 511 2
297 510 5
300 510 5
305 512 1
423 510 5
426 511 5
161 515 1
164 514 5
290 514 5
293 514 5
297 515 3
423 514 5
426 514 5
430 514 5
433 514 5
437 514 5
441 515 3
160 517 5
164 518 4
290 517 5
423 518 2
427 518 2
437 518 3
440 517 5
160 521 5
286 521 5
290 521 5
440 521 5
444 522 4
157 525 5
160 525 5
286 525 5
290 525 3
293 525 5
297 525 5
300 525 5
304 525 5
440 525 5
444 525 5
157 528 5
286 528 5
290 528 5
304 528 5
308 529 3
423 528 5
440 528 5
444 529 3
153 532 5
157 532 5
286 532 5
291 533 2
304 532 4
307 532 5
423 532 5
426 532 5
437 532 5
440 532 5
153 535 5
158 537 1
286 535 5
291 536 2
304 536 2
307 535 5
426 536 5
430 535 5
433 535 5
437 535 5
286 539 5
290 539 5
304 539 5
307 539 5
290 543 5
294 544 2
301 544 1
304 543 5
308 544 1
291 548 1
293 546 5
297 546 5
300 546 5
304 547 3