298 83 1 1
298 87 1 1
301 87 1 1
305 87 1 1
298 90 1 1
301 90 1 1
305 90 1 1
308 90 1 1
312 90 1 1
315 90 1 1
319 90 1 1
322 90 1 1
326 90 1 1
329 90 1 1
333 90 1 1
298 94 1 1
301 94 1 1
305 94 1 1
308 94 2 2
312 94 2 2
315 94 2 2
318 94 2 2
322 94 2 2
326 94 2 2
329 94 2 2
333 94 2 2
336 94 1 1
340 94 1 1
343 94 1 1
347 94 1 1
350 94 1 1
298 98 1 1
301 98 1 1
305 97 2 2
308 97 2 2
312 97 2 2
315 97 2 2
318 97 2 2
322 97 3 3
325 97 3 3
329 97 3 3
333 97 2 2
336 97 2 2
340 97 2 2
343 97 2 2
347 97 2 2
350 97 1 1
354 98 1 1
357 98 1 1
298 101 2 2
301 101 1 1
305 101 1 1
308 101 2 2
312 101 2 2
315 101 3 3
318 101 2 2
322 101 3 3
326 101 2 2
329 101 2 2
332 100 3 3
336 101 3 3
340 101 2 2
343 101 3 3
346 101 3 3
350 101 3 3
354 101 2 2
357 101 2 2
361 101 2 2
364 101 1 1
298 105 2 2
301 105 1 1
305 105 1 1
308 105 2 2
312 104 2 2
315 105 2 2
318 104 2 2
322 105 2 2
326 104 2 2
329 104 2 2
332 104 2 2
336 104 3 3
339 104 3 3
343 104 2 2
346 104 3 3
350 104 3 3
353 104 4 4
356 104 4 4
360 104 3 3
364 104 2 2
368 104 2 2
371 105 1 1
298 108 2 2
301 108 1 1
305 108 2 2
308 108 2 2
312 108 2 2
315 108 2 2
319 108 2 2
322 108 2 2
326 108 2 2
329 108 2 2
333 108 2 2
336 108 2 2
339 108 3 3
343 108 3 3
346 108 4 4
349 107 5 5
353 107 4 4
357 108 3 3
360 108 3 3
364 108 3 3
367 108 4 4
371 108 3 3
375 108 1 1
378 108 1 1
298 112 2 2
301 112 1 1
305 112 2 2
308 112 1 1
312 112 2 2
315 112 2 2
319 112 2 2
322 112 2 2
326 112 2 2
329 112 2 2
333 112 2 2
336 112 2 2
339 111 3 3
343 111 4 4
346 111 4 4
350 111 3 3
353 111 3 3
357 111 4 4
360 111 3 3
364 111 3 3
367 111 4 4
371 111 3 3
374 112 2 2
378 112 2 2
382 112 1 1
298 115 2 2
301 115 2 2
305 115 2 2
308 115 2 2
312 115 2 2
315 115 2 2
319 115 2 2
322 115 2 2
326 115 2 2
329 115 1 1
333 115 2 2
336 115 2 2
339 115 3 3
343 115 3 3
346 115 3 3
350 115 3 3
353 115 2 2
357 115 4 4
360 115 4 4
363 114 5 5
367 115 5 5
370 115 5 5
374 115 5 5
378 115 4 4
381 115 3 3
385 116 1 1
297 119 3 3
301 119 2 2
305 119 1 1
308 119 2 2
312 119 2 2
315 119 2 2
319 119 2 2
322 119 2 2
326 119 2 2
329 119 2 2
332 119 2 2
336 119 3 3
340 119 2 2
343 119 3 3
347 119 2 2
350 119 3 3
353 118 4 4
356 118 5 5
360 118 5 5
363 118 5 5
367 118 5 5
370 118 5 5
374 118 4 4
377 118 5 5
381 118 4 4
385 118 3 3
389 119 1 1
298 122 2 2
301 122 2 2
305 123 2 2
308 123 2 2
312 123 2 2
315 122 2 2
319 123 2 2
322 123 2 2
326 122 2 2
329 122 2 2
333 122 2 2
336 123 2 2
339 122 2 2
343 123 2 2
346 122 3 3
349 122 4 4
353 122 4 4
356 122 5 5
360 122 5 5
363 122 5 5
367 122 5 5
370 122 4 4
374 122 5 5
377 122 5 5
381 122 5 5
384 122 5 5
388 122 4 4
392 122 2 2
298 126 2 2
301 126 2 2
305 126 2 2
308 126 2 2
312 126 2 2
315 126 2 2
319 126 2 2
322 126 2 2
326 126 2 2
329 126 2 2
333 126 2 2
336 126 2 2
340 126 2 2
343 126 3 3
346 126 4 4
350 126 4 4
353 126 4 4
357 126 4 4
360 125 4 4
363 125 4 4
367 125 4 4
370 125 4 4
374 125 4 4
377 125 4 4
381 126 4 4
385 126 3 3
388 126 3 3
392 126 3 3
396 126 2 2
399 126 1 1
298 130 1 1
301 130 2 2
305 130 2 2
308 130 2 2
312 130 2 2
315 130 3 3
319 130 2 2
322 130 2 2
325 130 2 2
329 130 2 2
333 130 2 2
336 130 1 1
339 129 3 3
343 130 2 2
346 130 3 3
350 129 3 3
353 129 3 3
357 129 3 3
360 129 4 4
364 129 3 3
367 129 3 3
371 129 3 3
374 129 3 3
377 129 4 4
381 129 4 4
384 129 4 4
388 129 4 4
392 129 3 3
396 130 2 2
399 130 1 1
403 130 1 1
298 133 2 2
301 133 2 2
305 133 2 2
308 133 2 2
312 133 2 2
315 133 2 2
319 133 2 2
322 133 2 2
326 133 2 2
329 133 2 2
333 133 2 2
336 133 2 2
339 133 2 2
343 133 2 2
347 133 2 2
350 133 2 2
353 133 2 2
357 133 3 3
360 133 3 3
364 133 3 3
367 133 3 3
371 133 3 3
374 133 4 4
377 133 4 4
381 133 4 4
385 133 4 4
388 133 5 5
391 132 5 5
395 133 4 4
399 133 2 2
403 134 1 1
298 137 2 2
301 137 2 2
305 137 2 2
308 137 2 2
312 137 2 2
315 137 2 2
319 137 2 2
322 137 2 2
326 137 2 2
329 137 2 2
333 137 2 2
336 137 2 2
340 137 2 2
343 137 2 2
347 137 2 2
350 137 2 2
354 137 2 2
357 137 2 2
360 137 2 2
364 137 2 2
367 137 3 3
371 137 3 3
374 136 4 4
378 137 3 3
381 137 3 3
385 137 3 3
388 137 3 3
392 137 3 3
395 136 4 4
399 136 3 3
403 137 2 2
406 137 1 1
298 141 2 2
301 141 1 1
305 141 1 1
308 141 2 2
312 141 2 2
315 140 2 2
319 140 2 2
322 141 2 2
326 140 2 2
329 140 2 2
332 140 3 3
336 141 2 2
340 141 2 2
343 141 1 1
347 141 2 2
350 141 1 1
354 141 1 1
357 140 2 2
360 140 3 3
364 140 3 3
367 140 4 4
371 140 4 4
374 140 3 3
378 140 3 3
381 140 3 3
385 140 3 3
388 140 3 3
392 140 3 3
395 140 3 3
399 140 2 2
402 140 2 2
406 141 1 1
410 141 1 1
298 144 1 1
301 144 1 1
305 144 1 1
308 144 2 2
312 144 2 2
315 144 2 2
319 144 2 2
322 144 2 2
326 144 2 2
329 144 2 2
333 144 2 2
336 144 2 2
340 144 2 2
343 144 1 1
347 144 1 1
350 144 2 2
354 144 2 2
357 144 2 2
361 144 2 2
364 144 1 1
368 144 2 2
371 144 3 3
374 143 4 4
377 143 4 4
381 143 4 4
385 144 4 4
388 144 3 3
392 144 3 3
395 144 3 3
399 144 4 4
402 144 2 2
406 144 2 2
410 144 1 1
298 148 2 2
301 148 1 1
305 148 1 1
308 148 1 1
312 148 1 1
315 148 1 1
319 148 2 2
322 148 2 2
326 148 2 2
329 148 2 2
333 148 2 2
336 148 2 2
340 148 1 1
343 148 2 2
347 148 2 2
350 148 2 2
354 148 2 2
357 148 1 1
361 148 2 2
364 148 2 2
367 147 3 3
371 147 4 4
374 147 3 3
378 147 3 3
381 147 4 4
385 147 4 4
388 147 4 4
391 147 5 5
395 147 4 4
399 147 3 3
402 147 3 3
406 148 3 3
410 148 2 2
413 148 1 1
298 151 1 1
301 151 1 1
305 151 1 1
308 152 1 1
312 152 1 1
315 151 1 1
319 151 1 1
322 151 1 1
326 151 2 2
329 151 2 2
333 151 2 2
336 151 2 2
339 151 2 2
343 151 2 2
346 151 2 2
350 151 2 2
354 151 1 1
357 151 2 2
361 151 2 2
364 151 2 2
368 151 2 2
371 151 2 2
374 151 3 3
378 151 3 3
381 151 3 3
385 151 2 2
388 151 3 3
392 151 3 3
396 151 2 2
399 151 3 3
403 151 2 2
406 151 2 2
409 151 3 3
413 151 2 2
417 152 1 1
298 155 1 1
301 155 1 1
305 155 1 1
308 155 1 1
312 155 1 1
315 155 1 1
319 155 1 1
322 155 1 1
326 155 1 1
329 155 1 1
333 155 1 1
336 155 2 2
340 155 2 2
343 155 2 2
347 155 2 2
350 155 2 2
353 155 2 2
357 155 2 2
361 155 2 2
364 155 3 3
368 155 2 2
371 155 1 1
375 155 2 2
378 155 2 2
382 155 2 2
385 155 3 3
388 155 3 3
392 155 3 3
395 155 3 3
399 155 3 3
402 155 3 3
406 154 4 4
409 155 3 3
413 155 3 3
417 155 2 2
420 155 1 1
298 159 1 1
301 159 1 1
305 159 1 1
308 159 1 1
312 159 1 1
315 159 1 1
319 159 1 1
322 159 1 1
326 159 1 1
329 159 1 1
333 159 1 1
336 159 1 1
340 159 1 1
343 159 2 2
347 159 2 2
350 158 2 2
354 158 2 2
357 158 2 2
361 158 2 2
364 158 2 2
368 159 2 2
371 158 2 2
374 158 2 2
378 158 2 2
381 158 3 3
385 158 3 3
388 158 3 3
392 158 3 3
395 158 3 3
399 158 2 2
403 158 2 2
406 158 3 3
409 158 3 3
413 158 3 3
416 158 3 3
420 159 1 1
298 162 1 1
301 162 1 1
305 162 1 1
308 162 1 1
312 162 1 1
315 162 1 1
319 162 1 1
322 162 1 1
326 162 1 1
329 162 1 1
333 162 1 1
336 162 1 1
340 162 1 1
343 162 1 1
347 162 1 1
350 162 1 1
354 162 1 1
357 162 2 2
361 162 2 2
364 162 2 2
368 162 2 2
371 162 2 2
375 162 2 2
378 162 2 2
382 162 2 2
385 162 2 2
389 162 2 2
392 162 2 2
395 162 2 2
399 162 2 2
402 162 2 2
406 162 2 2
409 162 3 3
413 162 3 3
416 162 3 3
420 162 2 2
424 162 1 1
298 166 1 1
301 166 1 1
305 166 1 1
308 166 1 1
312 166 1 1
315 166 1 1
319 166 1 1
322 166 1 1
326 166 1 1
329 166 1 1
333 166 1 1
336 166 1 1
340 166 1 1
343 166 1 1
347 166 1 1
350 166 1 1
354 166 1 1
357 166 1 1
361 166 1 1
364 166 1 1
368 166 2 2
371 166 2 2
375 166 2 2
378 166 2 2
382 166 2 2
385 166 2 2
388 166 2 2
392 165 3 3
395 165 3 3
399 165 4 4
402 165 4 4
406 165 4 4
409 165 4 4
413 165 4 4
416 165 3 3
420 166 2 2
424 166 1 1
298 170 1 1
301 170 1 1
305 170 1 1
308 170 1 1
312 170 1 1
315 170 1 1
319 170 1 1
322 170 1 1
326 170 1 1
329 170 1 1
333 170 1 1
336 170 1 1
340 170 1 1
343 170 1 1
347 170 1 1
350 170 1 1
354 170 1 1
357 170 1 1
361 170 1 1
364 169 1 1
368 169 1 1
371 169 1 1
375 169 1 1
378 169 2 2
382 169 2 2
385 169 2 2
389 169 2 2
392 169 2 2
395 169 3 3
399 169 3 3
402 169 4 4
406 169 4 4
409 169 4 4
413 169 3 3
416 169 2 2
420 169 3 3
424 169 1 1
427 170 1 1
298 173 1 1
301 173 1 1
305 173 1 1
308 173 1 1
312 173 1 1
315 173 1 1
319 173 1 1
322 173 1 1
326 173 1 1
329 173 1 1
333 173 1 1
336 173 1 1
340 173 1 1
343 173 1 1
347 173 1 1
350 173 1 1
354 173 1 1
357 173 1 1
361 173 1 1
364 173 1 1
368 173 1 1
371 173 1 1
375 173 1 1
378 173 1 1
382 173 1 1
385 173 2 2
389 173 2 2
392 173 2 2
396 173 2 2
399 173 2 2
402 173 3 3
406 172 4 4
409 172 4 4
413 172 3 3
416 172 4 4
420 173 3 3
423 173 3 3
298 177 1 1
301 177 1 1
305 177 1 1
308 177 1 1
312 177 1 1
315 177 1 1
319 177 1 1
322 177 1 1
326 177 1 1
329 177 1 1
333 177 1 1
336 177 1 1
340 177 1 1
343 177 1 1
347 177 1 1
350 177 1 1
354 177 1 1
357 177 1 1
361 177 1 1
364 177 1 1
368 177 1 1
371 177 1 1
375 177 1 1
378 177 1 1
382 177 1 1
385 177 1 1
389 177 2 2
392 177 2 2
396 177 2 2
399 176 2 2
402 176 2 2
406 176 3 3
409 176 3 3
413 176 3 3
416 176 3 3
420 176 4 4
298 180 1 1
301 180 1 1
305 180 1 1
308 180 1 1
312 180 1 1
315 180 1 1
319 180 1 1
322 180 1 1
326 180 1 1
329 180 1 1
333 180 1 1
336 180 1 1
340 180 1 1
343 180 1 1
347 180 1 1
350 180 1 1
354 180 1 1
357 180 1 1
361 180 1 1
364 180 1 1
368 180 1 1
371 180 1 1
375 180 1 1
378 180 1 1
382 180 1 1
385 180 1 1
389 180 1 1
392 180 1 1
396 180 2 2
399 180 2 2
402 180 2 2
406 180 3 3
409 180 3 3
413 180 3 3
416 180 3 3
298 184 1 1
301 184 1 1
305 184 1 1
308 184 1 1
312 184 1 1
315 184 1 1
319 184 1 1
322 184 1 1
326 184 1 1
329 184 1 1
333 184 1 1
336 184 1 1
340 184 1 1
343 184 1 1
347 184 1 1
350 184 1 1
354 184 1 1
357 184 1 1
361 184 1 1
364 184 1 1
368 184 1 1
371 184 1 1
375 184 1 1
378 184 1 1
382 184 1 1
385 184 1 1
389 184 1 1
392 184 1 1
396 184 1 1
399 184 2 2
403 184 2 2
406 184 2 2
409 183 3 3
413 183 3 3
298 188 1 1
301 188 1 1
305 188 1 1
308 188 1 1
312 188 1 1
315 188 1 1
319 188 1 1
322 188 1 1
326 188 1 1
329 188 1 1
333 188 1 1
336 188 1 1
340 188 1 1
343 188 1 1
347 188 1 1
350 188 1 1
354 188 1 1
357 188 1 1
361 188 1 1
364 188 1 1
368 187 1 1
371 187 1 1
375 187 1 1
378 187 1 1
382 187 1 1
385 187 1 1
389 187 1 1
392 187 1 1
396 188 1 1
399 187 1 1
403 187 2 2
406 187 2 2
409 187 3 3
298 191 1 1
301 191 1 1
305 191 1 1
308 191 1 1
312 191 1 1
315 191 1 1
319 191 1 1
322 191 1 1
326 191 1 1
329 191 1 1
333 191 1 1
336 191 1 1
340 191 1 1
343 191 1 1
347 191 1 1
350 191 1 1
354 191 1 1
357 191 1 1
361 191 1 1
364 191 1 1
368 191 1 1
371 191 1 1
375 191 1 1
378 191 1 1
382 191 1 1
385 191 1 1
389 191 1 1
392 191 1 1
396 191 1 1
399 191 1 1
403 191 2 2
406 191 2 2
298 195 1 1
301 195 1 1
305 195 1 1
308 195 1 1
312 195 1 1
315 195 1 1
319 195 1 1
322 195 1 1
326 195 1 1
329 195 1 1
333 195 1 1
336 195 1 1
340 195 1 1
343 195 1 1
347 195 1 1
350 195 1 1
354 195 1 1
357 195 1 1
361 195 1 1
364 195 1 1
368 195 1 1
371 195 1 1
375 195 1 1
378 195 1 1
382 195 1 1
385 195 1 1
389 195 1 1
392 195 1 1
396 195 1 1
399 195 1 1
403 195 2 2
298 198 1 1
301 198 1 1
305 198 1 1
308 198 1 1
312 198 1 1
315 198 1 1
319 198 1 1
322 198 1 1
326 198 1 1
329 198 1 1
333 198 1 1
336 198 1 1
340 198 1 1
343 198 1 1
347 198 1 1
350 198 1 1
354 198 1 1
357 198 1 1
361 198 1 1
364 198 1 1
368 198 1 1
371 198 1 1
375 198 1 1
378 198 1 1
382 198 1 1
385 198 1 1
389 198 1 1
392 198 1 1
396 198 1 1
399 198 1 1
298 202 1 1
301 202 1 1
305 202 1 1
308 202 1 1
312 202 1 1
315 202 1 1
319 202 1 1
322 202 1 1
326 202 1 1
329 202 1 1
333 202 1 1
336 202 1 1
340 202 1 1
343 202 1 1
347 202 1 1
350 202 1 1
354 202 1 1
357 202 1 1
361 202 1 1
364 202 1 1
368 202 1 1
371 202 1 1
375 202 1 1
378 202 1 1
382 202 2 2
385 202 1 1
389 202 1 1
392 202 1 1
396 202 1 1
298 206 1 1
301 206 1 1
305 206 1 1
308 206 1 1
312 206 1 1
315 206 1 1
319 206 1 1
322 206 1 1
326 206 1 1
329 206 1 1
333 206 1 1
336 206 1 1
340 206 1 1
343 206 1 1
347 206 1 1
350 206 1 1
354 206 1 1
357 206 1 1
361 206 1 1
364 205 1 1
368 205 1 1
371 205 1 1
375 205 1 1
378 205 1 1
382 205 1 1
385 205 1 1
389 205 1 1
392 205 1 1
298 209 1 1
301 209 1 1
305 209 1 1
308 209 1 1
312 209 1 1
315 209 1 1
319 209 1 1
322 209 1 1
326 209 1 1
329 209 1 1
333 209 1 1
336 209 1 1
340 209 1 1
343 209 1 1
347 209 1 1
350 209 1 1
354 209 1 1
357 209 1 1
361 209 1 1
364 209 1 1
368 209 1 1
371 209 1 1
375 209 1 1
378 209 1 1
382 209 1 1
385 209 1 1
389 209 2 2
298 213 1 1
301 213 1 1
305 213 1 1
308 213 1 1
312 213 1 1
315 213 1 1
319 213 1 1
322 213 1 1
326 213 1 1
329 213 1 1
333 213 1 1
336 213 1 1
340 213 1 1
343 213 1 1
347 213 1 1
350 213 1 1
354 213 1 1
357 213 1 1
361 213 1 1
364 213 1 1
368 213 1 1
371 213 1 1
375 213 1 1
378 213 1 1
382 213 1 1
385 213 2 2
298 216 1 1
301 216 1 1
305 216 1 1
308 216 1 1
312 216 1 1
315 216 1 1
319 216 1 1
322 216 1 1
326 216 1 1
329 216 1 1
333 216 1 1
336 216 1 1
340 216 1 1
343 216 1 1
347 216 1 1
350 216 1 1
354 216 1 1
357 216 1 1
361 216 1 1
364 216 1 1
368 216 1 1
371 216 1 1
375 216 1 1
378 216 1 1
382 216 1 1
298 220 1 1
301 220 1 1
305 220 1 1
308 220 1 1
312 220 1 1
315 220 1 1
319 220 1 1
322 220 1 1
326 220 1 1
329 220 1 1
333 220 1 1
336 220 1 1
340 220 1 1
343 220 1 1
347 220 1 1
350 220 1 1
354 220 1 1
357 220 1 1
361 220 1 1
364 220 1 1
368 220 1 1
371 220 1 1
375 220 1 1
378 220 1 1
298 224 1 1
301 224 1 1
305 224 1 1
308 224 1 1
312 224 1 1
315 224 1 1
319 224 1 1
322 224 1 1
326 224 1 1
329 224 1 1
333 224 1 1
336 224 1 1
340 224 1 1
343 224 1 1
347 224 1 1
350 224 1 1
354 224 1 1
357 224 1 1
361 224 1 1
364 224 1 1
368 223 1 1
371 223 1 1
375 223 1 1
298 227 1 1
301 227 1 1
305 227 1 1
308 227 1 1
312 227 1 1
315 227 1 1
319 227 1 1
322 227 1 1
326 227 1 1
329 227 1 1
333 227 1 1
336 227 1 1
340 227 1 1
343 227 1 1
347 227 1 1
350 227 1 1
354 227 1 1
357 227 1 1
361 227 1 1
364 227 1 1
368 227 1 1
371 227 1 1
298 231 1 1
301 231 1 1
305 231 1 1
308 231 1 1
312 231 1 1
315 231 1 1
319 231 1 1
322 231 1 1
326 231 1 1
329 231 1 1
333 231 1 1
336 231 1 1
340 231 1 1
343 231 1 1
347 231 1 1
350 231 1 1
354 231 1 1
357 231 1 1
361 231 1 1
364 231 1 1
368 231 1 1
298 234 1 1
301 234 1 1
305 234 1 1
308 234 1 1
312 234 1 1
315 234 1 1
319 234 1 1
322 234 1 1
326 234 1 1
329 234 1 1
333 234 1 1
336 234 1 1
340 234 1 1
343 234 1 1
347 234 1 1
350 234 1 1
354 234 1 1
357 234 1 1
361 234 1 1
364 234 1 1
298 238 1 1
301 238 1 1
305 238 1 1
308 238 1 1
312 238 1 1
315 238 1 1
319 238 1 1
322 238 1 1
326 238 1 1
329 238 1 1
333 238 1 1
336 238 1 1
340 238 1 1
343 238 1 1
347 238 1 1
350 238 1 1
354 238 1 1
357 238 1 1
361 238 1 1
298 242 1 1
301 242 1 1
305 242 1 1
308 242 1 1
312 242 1 1
315 242 1 1
319 242 1 1
322 242 1 1
326 242 1 1
329 242 1 1
333 242 1 1
336 242 1 1
340 242 1 1
343 242 1 1
347 242 1 1
350 241 1 1
354 241 1 1
357 241 1 1
298 245 1 1
301 245 1 1
305 245 1 1
308 245 1 1
312 245 1 1
315 245 1 1
319 245 1 1
322 245 1 1
326 245 1 1
329 245 1 1
333 245 1 1
336 245 1 1
340 245 1 1
343 245 1 1
347 245 2 2
350 245 2 2
354 245 2 2
298 249 1 1
301 249 1 1
305 249 1 1
308 249 1 1
312 249 1 1
315 249 1 1
319 249 1 1
322 249 1 1
326 249 1 1
329 249 1 1
333 249 1 1
336 249 1 1
340 249 2 2
343 249 2 2
347 249 2 2
350 249 2 2
298 252 1 1
301 252 1 1
305 252 1 1
308 252 1 1
312 252 1 1
315 252 1 1
319 252 1 1
322 252 1 1
326 252 1 1
329 252 1 1
333 252 1 1
336 252 1 1
340 252 1 1
343 252 1 1
347 252 1 1
298 256 1 1
301 256 1 1
305 256 1 1
308 256 1 1
312 256 1 1
315 256 1 1
319 256 1 1
322 256 1 1
326 256 1 1
329 256 1 1
333 256 1 1
336 256 1 1
340 256 1 1
343 256 1 1
298 260 1 1
301 260 1 1
305 260 1 1
308 260 1 1
312 260 1 1
315 260 1 1
319 260 1 1
322 260 1 1
326 260 1 1
329 259 1 1
333 259 2 2
336 259 1 1
340 259 1 1
298 263 1 1
301 263 1 1
305 263 1 1
308 263 1 1
312 263 1 1
315 263 1 1
319 263 1 1
322 263 1 1
326 263 1 1
329 263 2 2
333 263 2 2
336 263 2 2
298 267 1 1
301 267 1 1
305 267 1 1
308 267 1 1
312 267 1 1
315 267 1 1
319 267 1 1
322 267 1 1
326 267 2 2
329 267 2 2
333 267 2 2
298 270 1 1
301 270 1 1
305 270 1 1
308 270 1 1
312 270 1 1
315 270 1 1
319 270 1 1
322 270 2 2
326 270 2 2
329 270 2 2
298 274 1 1
301 274 1 1
305 274 1 1
308 274 1 1
312 274 1 1
315 274 1 1
319 274 1 1
322 274 2 2
326 274 2 2
298 277 1 1
301 278 1 1
305 278 1 1
308 278 1 1
312 278 1 1
315 278 1 1
319 277 1 1
322 277 2 2
298 281 1 1
301 281 1 1
305 281 1 1
308 281 1 1
312 281 1 1
315 281 1 1
319 281 1 1
298 285 1 1
301 285 1 1
305 285 1 1
308 285 1 1
312 285 1 1
315 285 1 1
298 288 1 1
301 288 1 1
305 288 1 1
308 288 1 1
312 288 1 1
298 292 1 1
301 292 1 1
305 292 1 1
308 292 1 1
298 296 1 1
301 296 1 1
305 296 1 1
298 299 1 1
301 299 1 1
298 303 1 1