298 83 1 1
298 87 1 1
301 87 1 1
305 87 1 1
298 90 1 1
301 90 1 1
305 90 1 1
308 90 1 1
312 90 1 1
315 90 1 1
319 90 1 1
322 90 1 1
326 90 1 1
329 90 1 1
333 90 1 1
298 94 1 1
301 94 1 1
305 94 1 1
308 94 2 2
312 94 2 2
315 94 2 2
318 94 2 2
322 94 2 2
326 94 2 2
329 94 2 2
333 94 2 2
336 94 1 1
340 94 1 1
343 94 1 1
347 94 1 1
350 94 1 1
298 98 1 1
301 98 1 1
305 97 2 2
308 97 2 2
312 97 2 2
315 97 2 2
318 97 2 2
322 97 3 3
325 97 3 3
329 97 3 3
333 97 2 2
336 97 2 2
340 97 2 2
343 97 2 2
347 97 2 2
350 97 1 1
354 98 1 1
357 98 1 1
298 101 2 2
301 101 1 1
305 101 1 1
308 101 2 2
312 101 2 2
315 101 3 3
318 101 2 2
322 101 3 3
326 101 2 2
329 101 2 2
332 100 3 3
336 101 3 3
340 101 2 2
343 101 3 3
346 101 3 3
350 101 3 3
354 101 2 2
357 101 2 2
361 101 2 2
364 101 1 1
298 105 2 2
301 105 1 1
305 105 1 1
308 105 2 2
312 104 2 2
315 105 2 2
318 104 2 2
322 105 2 2
326 104 2 2
329 104 2 2
332 104 2 2
336 104 3 3
339 104 3 3
343 104 2 2
346 104 3 3
350 104 3 3
353 104 4 4
356 104 4 4
360 104 3 3
364 104 2 2
368 104 2 2
371 105 1 1
298 108 2 2
301 108 1 1
305 108 2 2
308 108 2 2
312 108 2 2
315 108 2 2
319 108 2 2
322 108 2 2
326 108 2 2
329 108 2 2
333 108 2 2
336 108 2 2
339 108 3 3
343 108 3 3
346 108 4 4
349 107 5 5
353 107 4 4
357 108 3 3
360 108 3 3
364 108 3 3
367 108 4 4
371 108 3 3
375 108 1 1
378 108 1 1
298 112 2 2
301 112 1 1
305 112 2 2
308 112 1 1
312 112 2 2
315 112 2 2
319 112 2 2
322 112 2 2
326 112 2 2
329 112 2 2
333 112 2 2
336 112 2 2
339 111 3 3
343 111 4 4
346 111 4 4
350 111 3 3
353 111 3 3
357 111 4 4
360 111 3 3
364 111 3 3
367 111 4 4
371 111 3 3
374 112 2 2
378 112 2 2
382 112 1 1
298 115 2 2
301 115 2 2
305 115 2 2
308 115 2 2
312 115 2 2
315 115 2 2
319 115 2 2
322 115 2 2
326 115 2 2
329 115 1 1
333 115 2 2
336 115 2 2
339 115 3 3
343 115 3 3
346 115 3 3
350 115 3 3
353 115 2 2
357 115 4 4
360 115 4 4
363 114 5 5
367 115 5 5
370 115 5 5
374 115 5 5
378 115 4 4
381 115 3 3
385 116 1 1
297 119 3 3
301 119 2 2
305 119 1 1
308 119 2 2
312 119 2 2
315 119 2 2
319 119 2 2
322 119 2 2
326 119 2 2
329 119 2 2
332 119 2 2
336 119 3 3
340 119 2 2
343 119 3 3
347 119 2 2
350 119 3 3
353 118 4 4
356 118 5 5
360 118 5 5
363 118 5 5
367 118 5 5
370 118 5 5
374 118 4 4
377 118 5 5
381 118 4 4
385 118 3 3
389 119 1 1
298 122 2 2
301 122 2 2
305 123 2 2
308 123 2 2
312 123 2 2
315 122 2 2
319 123 2 2
322 123 2 2
326 122 2 2
329 122 2 2
333 122 2 2
336 123 2 2
339 122 2 2
343 123 2 2
346 122 3 3
349 122 4 4
353 122 4 4
356 122 5 5
360 122 5 5
363 122 5 5
367 122 5 5
370 122 4 4
374 122 5 5
377 122 5 5
381 122 5 5
384 122 5 5
388 122 4 4
392 122 2 2
298 126 2 2
301 126 2 2
305 126 2 2
308 126 2 2
312 126 2 2
315 126 2 2
319 126 2 2
322 126 2 2
326 126 2 2
329 126 2 2
333 126 2 2
336 126 2 2
340 126 2 2
343 126 3 3
346 126 4 4
350 126 4 4
353 126 4 4
357 126 4 4
360 125 4 4
363 125 4 4
367 125 4 4
370 125 4 4
374 125 4 4
377 125 4 4
381 126 4 4
385 126 3 3
388 126 3 3
392 126 3 3
396 126 2 2
399 126 1 1
298 130 1 1
301 130 2 2
305 130 2 2
308 130 2 2
312 130 2 2
315 130 3 3
319 130 2 2
322 130 2 2
325 130 2 2
329 130 2 2
333 130 2 2
336 130 1 1
339 129 3 3
343 130 2 2
346 130 3 3
350 129 3 3
353 129 3 3
357 129 3 3
360 129 4 4
364 129 3 3
367 129 3 3
371 129 3 3
374 129 3 3
377 129 4 4
381 129 4 4
384 129 4 4
388 129 4 4
392 129 3 3
396 130 2 2
399 130 1 1
403 130 1 1
298 133 2 2
301 133 2 2
305 133 2 2
308 133 2 2
312 133 2 2
315 133 2 2
319 133 2 2
322 133 2 2
326 133 2 2
329 133 2 2
333 133 2 2
336 133 2 2
339 133 2 2
343 133 2 2
347 133 2 2
350 133 2 2
353 133 2 2
357 133 3 3
360 133 3 3
364 133 3 3
367 133 3 3
371 133 3 3
374 133 4 4
377 133 4 4
381 133 4 4
385 133 4 4
388 133 5 5
391 132 5 5
395 133 4 4
399 133 2 2
403 134 1 1
298 137 2 2
301 137 2 2
305 137 2 2
308 137 2 2
312 137 2 2
315 137 2 2
319 137 2 2
322 137 2 2
326 137 2 2
329 137 2 2
333 137 2 2
336 137 2 2
340 137 2 2
343 137 2 2
347 137 2 2
350 137 2 2
354 137 2 2
357 137 2 2
360 137 2 2
364 137 2 2
367 137 3 3
371 137 3 3
374 136 4 4
378 137 3 3
381 137 3 3
385 137 3 3
388 137 3 3
392 137 3 3
395 136 4 4
399 136 3 3
403 137 2 2
406 137 1 1
298 141 2 2
301 141 1 1
305 141 1 1
308 141 2 2
312 141 2 2
315 140 2 2
319 140 2 2
322 141 2 2
326 140 2 2
329 140 2 2
332 140 3 3
336 141 2 2
340 141 2 2
343 141 1 1
347 141 2 2
350 141 1 1
354 141 1 1
357 140 2 2
360 140 3 3
364 140 3 3
367 140 4 4
371 140 4 4
374 140 3 3
378 140 3 3
381 140 3 3
385 140 3 3
388 140 3 3
392 140 3 3
395 140 3 3
399 140 2 2
402 140 2 2
406 141 1 1
410 141 1 1
298 144 1 1
301 144 1 1
305 144 1 1
308 144 2 2
312 144 2 2
315 144 2 2
319 144 2 2
322 144 2 2
326 144 2 2
329 144 2 2
333 144 2 2
336 144 2 2
340 144 2 2
343 144 1 1
347 144 1 1
350 144 2 2
354 144 2 2
357 144 2 2
361 144 2 2
364 144 1 1
368 144 2 2
371 144 3 3
374 143 4 4
377 143 4 4
381 143 4 4
385 144 4 4
388 144 3 3
392 144 3 3
395 144 3 3
399 144 4 4
402 144 2 2
406 144 2 2
410 144 1 1
298 148 2 2
301 148 1 1
305 148 1 1
308 148 1 1
312 148 1 1
315 148 1 1
319 148 2 2
322 148 2 2
326 148 2 2
329 148 2 2
333 148 2 2
336 148 2 2
340 148 1 1
343 148 2 2
347 148 2 2
350 148 2 2
354 148 2 2
357 148 1 1
361 148 2 2
364 148 2 2
367 147 3 3
371 147 4 4
374 147 3 3
378 147 3 3
381 147 4 4
385 147 4 4
388 147 4 4
391 147 5 5
395 147 4 4
399 147 3 3
402 147 3 3
406 148 3 3
410 148 2 2
413 148 1 1
298 151 1 1
301 151 1 1
305 151 1 1
308 152 1 1
312 152 1 1
315 151 1 1
319 151 1 1
322 151 1 1
326 151 2 2
329 151 2 2
333 151 2 2
336 151 2 2
339 151 2 2
343 151 2 2
346 151 2 2
350 151 2 2
354 151 1 1
357 151 2 2
361 151 2 2
364 151 2 2
368 151 2 2
371 151 2 2
374 151 3 3
378 151 3 3
381 151 3 3
385 151 2 2
388 151 3 3
392 151 3 3
396 151 2 2
399 151 3 3
403 151 2 2
406 151 2 2
409 151 3 3
413 151 2 2
417 152 1 1
298 155 1 1
301 155 1 1
305 155 1 1
308 155 1 1
312 155 1 1
315 155 1 1
319 155 1 1
322 155 1 1
326 155 1 1
329 155 1 1
333 155 1 1
336 155 2 2
340 155 2 2
343 155 2 2
347 155 2 2
350 155 2 2
353 155 2 2
357 155 2 2
361 155 2 2
364 155 3 3
368 155 2 2
371 155 1 1
375 155 2 2
378 155 2 2
382 155 2 2
385 155 3 3
388 155 3 3
392 155 3 3
395 155 3 3
399 155 3 3
402 155 3 3
406 154 4 4
409 155 3 3
413 155 3 3
417 155 2 2
420 155 1 1
298 159 1 1
301 159 1 1
305 159 1 1
308 159 1 1
312 159 1 1
315 159 1 1
319 159 1 1
322 159 1 1
326 159 1 1
329 159 1 1
333 159 1 1
336 159 1 1
340 159 1 1
343 159 2 2
347 159 2 2
350 158 2 2
354 158 2 2
357 158 2 2
361 158 2 2
364 158 2 2
368 159 2 2
371 158 2 2
374 158 2 2
378 158 2 2
381 158 3 3
385 158 3 3
388 158 3 3
392 158 3 3
395 158 3 3
399 158 2 2
403 158 2 2
406 158 3 3
409 158 3 3
413 158 3 3
416 158 3 3
420 159 1 1
298 162 1 1
301 162 1 1
305 162 1 1
308 162 1 1
312 162 1 1
315 162 1 1
319 162 1 1
322 162 1 1
326 162 1 1
329 162 1 1
333 162 1 1
336 162 1 1
340 162 1 1
343 162 1 1
347 162 1 1
350 162 1 1
354 162 1 1
357 162 2 2
361 162 2 2
364 162 2 2
368 162 2 2
371 162 2 2
375 162 2 2
378 162 2 2
382 162 2 2
385 162 2 2
389 162 2 2
392 162 2 2
395 162 2 2
399 162 2 2
402 162 2 2
406 162 2 2
409 162 3 3
413 162 3 3
416 162 3 3
420 162 2 2
424 162 1 1
298 166 1 1
301 166 1 1
305 166 1 1
308 166 1 1
312 166 1 1
315 166 1 1
319 166 1 1
322 166 1 1
326 166 1 1
329 166 1 1
333 166 1 1
336 166 1 1
340 166 1 1
343 166 1 1
347 166 1 1
350 166 1 1
354 166 1 1
357 166 1 1
361 166 1 1
364 166 1 1
368 166 2 2
371 166 2 2
375 166 2 2
378 166 2 2
382 166 2 2
385 166 2 2
388 166 2 2
392 165 3 3
395 165 3 3
399 165 4 4
402 165 4 4
406 165 4 4
409 165 4 4
413 165 4 4
416 165 3 3
420 166 2 2
424 166 1 1
298 170 1 1
301 170 1 1
305 170 1 1
308 170 1 1
312 170 1 1
315 170 1 1
319 170 1 1
322 170 1 1
326 170 1 1
329 170 1 1
333 170 1 1
336 170 1 1
340 170 1 1
343 170 1 1
347 170 1 1
350 170 1 1
354 170 1 1
357 170 1 1
361 170 1 1
364 169 1 1
368 169 1 1
371 169 1 1
375 169 1 1
378 169 2 2
382 169 2 2
385 169 2 2
389 169 2 2
392 169 2 2
395 169 3 3
399 169 3 3
402 169 4 4
406 169 4 4
409 169 4 4
413 169 3 3
416 169 2 2
420 169 3 3
424 169 1 1
427 170 1 1
298 173 1 1
301 173 1 1
305 173 1 1
308 173 1 1
312 173 1 1
315 173 1 1
319 173 1 1
322 173 1 1
326 173 1 1
329 173 1 1
333 173 1 1
336 173 1 1
340 173 1 1
343 173 1 1
347 173 1 1
350 173 1 1
354 173 1 1
357 173 1 1
361 173 1 1
364 173 1 1
368 173 1 1
371 173 1 1
375 173 1 1
378 173 1 1
382 173 1 1
385 173 2 2
389 173 2 2
392 173 2 2
396 173 2 2
399 173 2 2
402 173 3 3
406 172 4 4
409 172 4 4
413 172 3 3
416 172 4 4
420 173 3 3
423 173 3 3
427 173 1 1
298 177 1 1
301 177 1 1
305 177 1 1
308 177 1 1
312 177 1 1
315 177 1 1
319 177 1 1
322 177 1 1
326 177 1 1
329 177 1 1
333 177 1 1
336 177 1 1
340 177 1 1
343 177 1 1
347 177 1 1
350 177 1 1
354 177 1 1
357 177 1 1
361 177 1 1
364 177 1 1
368 177 1 1
371 177 1 1
375 177 1 1
378 177 1 1
382 177 1 1
385 177 1 1
389 177 2 2
392 177 2 2
396 177 2 2
399 176 2 2
402 176 2 2
406 176 3 3
409 176 3 3
413 176 3 3
416 176 3 3
420 176 4 4
423 176 3 3
427 177 1 1
298 180 1 1
301 180 1 1
305 180 1 1
308 180 1 1
312 180 1 1
315 180 1 1
319 180 1 1
322 180 1 1
326 180 1 1
329 180 1 1
333 180 1 1
336 180 1 1
340 180 1 1
343 180 1 1
347 180 1 1
350 180 1 1
354 180 1 1
357 180 1 1
361 180 1 1
364 180 1 1
368 180 1 1
371 180 1 1
375 180 1 1
378 180 1 1
382 180 1 1
385 180 1 1
389 180 1 1
392 180 1 1
396 180 2 2
399 180 2 2
402 180 2 2
406 180 3 3
409 180 3 3
413 180 3 3
416 180 3 3
420 180 3 3
423 180 3 3
427 180 2 2
298 184 1 1
301 184 1 1
305 184 1 1
308 184 1 1
312 184 1 1
315 184 1 1
319 184 1 1
322 184 1 1
326 184 1 1
329 184 1 1
333 184 1 1
336 184 1 1
340 184 1 1
343 184 1 1
347 184 1 1
350 184 1 1
354 184 1 1
357 184 1 1
361 184 1 1
364 184 1 1
368 184 1 1
371 184 1 1
375 184 1 1
378 184 1 1
382 184 1 1
385 184 1 1
389 184 1 1
392 184 1 1
396 184 1 1
399 184 2 2
403 184 2 2
406 184 2 2
409 183 3 3
413 183 3 3
416 183 4 4
420 183 3 3
423 184 3 3
427 184 2 2
431 184 1 1
298 188 1 1
301 188 1 1
305 188 1 1
308 188 1 1
312 188 1 1
315 188 1 1
319 188 1 1
322 188 1 1
326 188 1 1
329 188 1 1
333 188 1 1
336 188 1 1
340 188 1 1
343 188 1 1
347 188 1 1
350 188 1 1
354 188 1 1
357 188 1 1
361 188 1 1
364 188 1 1
368 187 1 1
371 187 1 1
375 187 1 1
378 187 1 1
382 187 1 1
385 187 1 1
389 187 1 1
392 187 1 1
396 188 1 1
399 187 1 1
403 187 2 2
406 187 2 2
409 187 3 3
413 187 3 3
416 187 3 3
420 187 3 3
423 187 3 3
427 187 2 2
431 188 1 1
298 191 1 1
301 191 1 1
305 191 1 1
308 191 1 1
312 191 1 1
315 191 1 1
319 191 1 1
322 191 1 1
326 191 1 1
329 191 1 1
333 191 1 1
336 191 1 1
340 191 1 1
343 191 1 1
347 191 1 1
350 191 1 1
354 191 1 1
357 191 1 1
361 191 1 1
364 191 1 1
368 191 1 1
371 191 1 1
375 191 1 1
378 191 1 1
382 191 1 1
385 191 1 1
389 191 1 1
392 191 1 1
396 191 1 1
399 191 1 1
403 191 2 2
406 191 2 2
409 191 2 2
413 191 2 2
416 191 3 3
420 191 3 3
423 191 2 2
427 191 2 2
431 191 1 1
298 195 1 1
301 195 1 1
305 195 1 1
308 195 1 1
312 195 1 1
315 195 1 1
319 195 1 1
322 195 1 1
326 195 1 1
329 195 1 1
333 195 1 1
336 195 1 1
340 195 1 1
343 195 1 1
347 195 1 1
350 195 1 1
354 195 1 1
357 195 1 1
361 195 1 1
364 195 1 1
368 195 1 1
371 195 1 1
375 195 1 1
378 195 1 1
382 195 1 1
385 195 1 1
389 195 1 1
392 195 1 1
396 195 1 1
399 195 1 1
403 195 2 2
406 194 2 2
410 194 2 2
413 194 3 3
416 194 4 4
420 194 3 3
423 194 3 3
427 194 2 2
431 195 1 1
298 198 1 1
301 198 1 1
305 198 1 1
308 198 1 1
312 198 1 1
315 198 1 1
319 198 1 1
322 198 1 1
326 198 1 1
329 198 1 1
333 198 1 1
336 198 1 1
340 198 1 1
343 198 1 1
347 198 1 1
350 198 1 1
354 198 1 1
357 198 1 1
361 198 1 1
364 198 1 1
368 198 1 1
371 198 1 1
375 198 1 1
378 198 1 1
382 198 1 1
385 198 1 1
389 198 1 1
392 198 1 1
396 198 1 1
399 198 1 1
403 198 2 2
406 198 2 2
409 198 3 3
413 198 2 2
416 198 3 3
420 198 3 3
424 198 2 2
427 198 2 2
431 198 1 1
298 202 1 1
301 202 1 1
305 202 1 1
308 202 1 1
312 202 1 1
315 202 1 1
319 202 1 1
322 202 1 1
326 202 1 1
329 202 1 1
333 202 1 1
336 202 1 1
340 202 1 1
343 202 1 1
347 202 1 1
350 202 1 1
354 202 1 1
357 202 1 1
361 202 1 1
364 202 1 1
368 202 1 1
371 202 1 1
375 202 1 1
378 202 1 1
382 202 2 2
385 202 1 1
389 202 1 1
392 202 1 1
396 202 1 1
399 202 1 1
403 202 1 1
406 202 2 2
409 201 3 3
413 202 3 3
416 201 3 3
420 202 2 2
423 202 2 2
427 202 1 1
431 202 1 1
298 206 1 1
301 206 1 1
305 206 1 1
308 206 1 1
312 206 1 1
315 206 1 1
319 206 1 1
322 206 1 1
326 206 1 1
329 206 1 1
333 206 1 1
336 206 1 1
340 206 1 1
343 206 1 1
347 206 1 1
350 206 1 1
354 206 1 1
357 206 1 1
361 206 1 1
364 205 1 1
368 205 1 1
371 205 1 1
375 205 1 1
378 205 1 1
382 205 1 1
385 205 1 1
389 205 1 1
392 205 1 1
396 205 1 1
399 205 1 1
403 205 1 1
406 205 2 2
410 205 2 2
413 205 3 3
416 205 3 3
420 205 3 3
423 205 2 2
427 206 1 1
298 209 1 1
301 209 1 1
305 209 1 1
308 209 1 1
312 209 1 1
315 209 1 1
319 209 1 1
322 209 1 1
326 209 1 1
329 209 1 1
333 209 1 1
336 209 1 1
340 209 1 1
343 209 1 1
347 209 1 1
350 209 1 1
354 209 1 1
357 209 1 1
361 209 1 1
364 209 1 1
368 209 1 1
371 209 1 1
375 209 1 1
378 209 1 1
382 209 1 1
385 209 1 1
389 209 2 2
392 209 1 1
396 209 1 1
399 209 1 1
403 209 1 1
406 209 2 2
409 209 2 2
413 209 2 2
416 209 3 3
420 209 3 3
423 209 3 3
427 209 1 1
298 213 1 1
301 213 1 1
305 213 1 1
308 213 1 1
312 213 1 1
315 213 1 1
319 213 1 1
322 213 1 1
326 213 1 1
329 213 1 1
333 213 1 1
336 213 1 1
340 213 1 1
343 213 1 1
347 213 1 1
350 213 1 1
354 213 1 1
357 213 1 1
361 213 1 1
364 213 1 1
368 213 1 1
371 213 1 1
375 213 1 1
378 213 1 1
382 213 1 1
385 213 2 2
389 213 2 2
392 213 1 1
396 213 1 1
399 213 1 1
403 213 2 2
406 213 2 2
410 212 2 2
413 212 2 2
416 212 3 3
420 213 2 2
424 213 2 2
427 213 1 1
298 216 1 1
301 216 1 1
305 216 1 1
308 216 1 1
312 216 1 1
315 216 1 1
319 216 1 1
322 216 1 1
326 216 1 1
329 216 1 1
333 216 1 1
336 216 1 1
340 216 1 1
343 216 1 1
347 216 1 1
350 216 1 1
354 216 1 1
357 216 1 1
361 216 1 1
364 216 1 1
368 216 1 1
371 216 1 1
375 216 1 1
378 216 1 1
382 216 1 1
385 216 1 1
389 216 2 2
392 216 2 2
396 216 1 1
399 216 1 1
403 216 2 2
406 216 2 2
410 216 2 2
413 216 2 2
416 216 2 2
420 216 2 2
424 216 1 1
427 216 1 1
298 220 1 1
301 220 1 1
305 220 1 1
308 220 1 1
312 220 1 1
315 220 1 1
319 220 1 1
322 220 1 1
326 220 1 1
329 220 1 1
333 220 1 1
336 220 1 1
340 220 1 1
343 220 1 1
347 220 1 1
350 220 1 1
354 220 1 1
357 220 1 1
361 220 1 1
364 220 1 1
368 220 1 1
371 220 1 1
375 220 1 1
378 220 1 1
382 220 1 1
385 220 1 1
389 220 2 2
392 220 2 2
396 220 2 2
399 220 1 1
403 220 2 2
406 220 2 2
410 220 2 2
413 220 2 2
416 220 3 3
420 220 2 2
424 220 1 1
427 220 1 1
298 224 1 1
301 224 1 1
305 224 1 1
308 224 1 1
312 224 1 1
315 224 1 1
319 224 1 1
322 224 1 1
326 224 1 1
329 224 1 1
333 224 1 1
336 224 1 1
340 224 1 1
343 224 1 1
347 224 1 1
350 224 1 1
354 224 1 1
357 224 1 1
361 224 1 1
364 224 1 1
368 223 1 1
371 223 1 1
375 223 1 1
378 223 1 1
382 223 1 1
385 223 1 1
389 223 2 2
392 223 2 2
396 223 2 2
399 223 1 1
403 223 2 2
406 223 2 2
410 223 2 2
413 223 2 2
416 223 2 2
420 223 2 2
424 224 1 1
298 227 1 1
301 227 1 1
305 227 1 1
308 227 1 1
312 227 1 1
315 227 1 1
319 227 1 1
322 227 1 1
326 227 1 1
329 227 1 1
333 227 1 1
336 227 1 1
340 227 1 1
343 227 1 1
347 227 1 1
350 227 1 1
354 227 1 1
357 227 1 1
361 227 1 1
364 227 1 1
368 227 1 1
371 227 1 1
375 227 1 1
378 227 1 1
382 227 1 1
385 227 2 2
389 227 2 2
392 227 2 2
396 227 2 2
399 227 1 1
403 227 1 1
406 227 2 2
410 227 2 2
413 227 2 2
417 227 2 2
420 227 2 2
424 227 1 1
298 231 1 1
301 231 1 1
305 231 1 1
308 231 1 1
312 231 1 1
315 231 1 1
319 231 1 1
322 231 1 1
326 231 1 1
329 231 1 1
333 231 1 1
336 231 1 1
340 231 1 1
343 231 1 1
347 231 1 1
350 231 1 1
354 231 1 1
357 231 1 1
361 231 1 1
364 231 1 1
368 231 1 1
371 231 1 1
375 231 1 1
378 231 1 1
382 231 1 1
385 231 1 1
389 231 2 2
392 231 2 2
396 231 2 2
399 231 2 2
403 231 1 1
406 231 2 2
410 231 2 2
413 230 2 2
417 230 2 2
420 231 2 2
424 231 1 1
298 234 1 1
301 234 1 1
305 234 1 1
308 234 1 1
312 234 1 1
315 234 1 1
319 234 1 1
322 234 1 1
326 234 1 1
329 234 1 1
333 234 1 1
336 234 1 1
340 234 1 1
343 234 1 1
347 234 1 1
350 234 1 1
354 234 1 1
357 234 1 1
361 234 1 1
364 234 1 1
368 234 1 1
371 234 1 1
375 234 1 1
378 234 1 1
382 234 1 1
385 234 2 2
389 234 2 2
392 234 2 2
396 234 2 2
399 234 2 2
403 234 1 1
406 234 2 2
410 234 2 2
413 234 2 2
417 234 2 2
420 234 1 1
424 234 1 1
298 238 1 1
301 238 1 1
305 238 1 1
308 238 1 1
312 238 1 1
315 238 1 1
319 238 1 1
322 238 1 1
326 238 1 1
329 238 1 1
333 238 1 1
336 238 1 1
340 238 1 1
343 238 1 1
347 238 1 1
350 238 1 1
354 238 1 1
357 238 1 1
361 238 1 1
364 238 1 1
368 238 1 1
371 238 1 1
375 238 1 1
378 238 1 1
382 238 1 1
385 238 1 1
389 238 2 2
392 238 2 2
396 238 2 2
399 238 2 2
403 238 2 2
406 238 2 2
410 238 2 2
413 238 2 2
417 238 2 2
420 238 1 1
424 238 1 1
298 242 1 1
301 242 1 1
305 242 1 1
308 242 1 1
312 242 1 1
315 242 1 1
319 242 1 1
322 242 1 1
326 242 1 1
329 242 1 1
333 242 1 1
336 242 1 1
340 242 1 1
343 242 1 1
347 242 1 1
350 241 1 1
354 241 1 1
357 241 1 1
361 241 1 1
364 241 1 1
368 241 1 1
371 241 1 1
375 241 1 1
378 241 1 1
382 241 1 1
385 241 1 1
389 241 2 2
392 241 2 2
396 241 2 2
399 241 1 1
403 241 2 2
406 241 1 1
410 241 2 2
413 241 2 2
417 241 1 1
420 241 1 1
424 242 1 1
298 245 1 1
301 245 1 1
305 245 1 1
308 245 1 1
312 245 1 1
315 245 1 1
319 245 1 1
322 245 1 1
326 245 1 1
329 245 1 1
333 245 1 1
336 245 1 1
340 245 1 1
343 245 1 1
347 245 2 2
350 245 2 2
354 245 2 2
357 245 2 2
361 245 2 2
364 245 2 2
368 245 2 2
371 245 1 1
375 245 1 1
378 245 1 1
382 245 2 2
385 245 2 2
389 245 1 1
392 245 2 2
396 245 2 2
399 245 2 2
403 245 1 1
406 245 1 1
410 245 2 2
413 245 2 2
417 245 2 2
420 245 1 1
424 245 1 1
298 249 1 1
301 249 1 1
305 249 1 1
308 249 1 1
312 249 1 1
315 249 1 1
319 249 1 1
322 249 1 1
326 249 1 1
329 249 1 1
333 249 1 1
336 249 1 1
340 249 2 2
343 249 2 2
347 249 2 2
350 249 2 2
354 249 2 2
357 249 2 2
361 249 1 1
364 249 1 1
368 249 1 1
371 249 1 1
375 249 1 1
378 249 1 1
382 249 1 1
385 249 2 2
389 249 2 2
392 249 1 1
396 249 2 2
399 249 2 2
403 249 1 1
406 249 2 2
410 249 1 1
413 248 2 2
417 249 2 2
420 249 1 1
424 249 1 1
298 252 1 1
301 252 1 1
305 252 1 1
308 252 1 1
312 252 1 1
315 252 1 1
319 252 1 1
322 252 1 1
326 252 1 1
329 252 1 1
333 252 1 1
336 252 1 1
340 252 1 1
343 252 1 1
347 252 1 1
350 252 1 1
354 252 1 1
357 252 1 1
361 252 1 1
364 252 1 1
368 252 1 1
371 252 1 1
375 252 1 1
378 252 1 1
382 252 1 1
385 252 1 1
389 252 2 2
392 252 1 1
396 252 2 2
399 252 2 2
403 252 1 1
406 252 2 2
410 252 2 2
413 252 2 2
417 252 2 2
420 252 2 2
424 252 1 1
298 256 1 1
301 256 1 1
305 256 1 1
308 256 1 1
312 256 1 1
315 256 1 1
319 256 1 1
322 256 1 1
326 256 1 1
329 256 1 1
333 256 1 1
336 256 1 1
340 256 1 1
343 256 1 1
347 256 1 1
350 256 1 1
354 256 1 1
357 256 1 1
361 256 1 1
364 256 1 1
368 256 1 1
371 256 1 1
375 256 1 1
378 256 1 1
382 256 1 1
385 256 1 1
389 256 2 2
392 256 2 2
396 256 2 2
399 256 1 1
403 256 1 1
406 256 2 2
410 256 2 2
413 256 1 1
417 256 1 1
420 256 1 1
424 256 1 1
427 256 1 1
298 260 1 1
301 260 1 1
305 260 1 1
308 260 1 1
312 260 1 1
315 260 1 1
319 260 1 1
322 260 1 1
326 260 1 1
329 259 1 1
333 259 2 2
336 259 1 1
340 259 1 1
343 259 1 1
347 259 1 1
350 259 2 2
354 259 2 2
357 259 2 2
361 259 1 1
364 259 2 2
368 259 1 1
371 259 1 1
375 259 1 1
378 259 1 1
382 259 1 1
385 259 1 1
389 259 2 2
392 259 1 1
396 259 1 1
399 259 1 1
403 259 1 1
406 259 2 2
410 259 2 2
413 259 1 1
417 259 1 1
420 259 2 2
424 259 2 2
427 260 1 1
298 263 1 1
301 263 1 1
305 263 1 1
308 263 1 1
312 263 1 1
315 263 1 1
319 263 1 1
322 263 1 1
326 263 1 1
329 263 2 2
333 263 2 2
336 263 2 2
340 263 2 2
343 263 3 3
347 263 2 2
350 263 3 3
353 262 4 4
356 262 5 5
360 262 4 4
364 262 3 3
367 263 2 2
371 263 3 3
375 263 2 2
378 263 1 1
382 263 1 1
385 263 1 1
389 263 2 2
392 263 1 1
396 263 1 1
399 263 1 1
403 263 1 1
406 263 2 2
410 263 2 2
413 263 1 1
417 263 2 2
420 263 2 2
423 263 3 3
427 263 1 1
298 267 1 1
301 267 1 1
305 267 1 1
308 267 1 1
312 267 1 1
315 267 1 1
319 267 1 1
322 267 1 1
326 267 2 2
329 267 2 2
333 267 2 2
336 266 2 2
340 266 2 2
343 266 2 2
346 266 3 3
350 266 3 3
353 266 4 4
356 266 4 4
360 266 4 4
363 266 5 5
367 266 5 5
371 266 3 3
374 266 3 3
378 266 2 2
382 267 2 2
385 267 1 1
389 267 2 2
392 267 2 2
396 267 1 1
399 267 1 1
403 267 1 1
406 267 2 2
410 267 2 2
413 266 2 2
417 267 2 2
420 266 2 2
423 266 2 2
427 266 2 2
431 267 1 1
298 270 1 1
301 270 1 1
305 270 1 1
308 270 1 1
312 270 1 1
315 270 1 1
319 270 1 1
322 270 2 2
326 270 2 2
329 270 2 2
333 270 2 2
336 270 2 2
340 270 2 2
343 270 1 1
346 270 3 3
350 270 2 2
353 269 5 5
357 270 2 2
360 270 3 3
364 270 3 3
367 270 3 3
370 269 5 5
374 269 5 5
378 270 4 4
381 270 2 2
385 270 2 2
389 270 2 2
392 270 2 2
396 270 1 1
399 270 1 1
403 270 1 1
406 270 2 2
410 270 2 2
413 270 2 2
417 270 1 1
420 270 2 2
424 270 2 2
427 270 1 1
431 270 1 1
298 274 1 1
301 274 1 1
305 274 1 1
308 274 1 1
312 274 1 1
315 274 1 1
319 274 1 1
322 274 2 2
326 274 2 2
329 274 1 1
333 274 2 2
336 273 3 3
340 274 1 1
343 274 1 1
347 274 1 1
350 273 3 3
353 273 3 3
357 273 3 3
360 273 3 3
364 273 3 3
368 274 2 2
371 274 2 2
375 274 2 2
378 274 2 2
382 274 2 2
385 274 2 2
389 274 2 2
392 274 2 2
396 274 1 1
399 274 1 1
403 274 1 1
406 274 2 2
410 274 2 2
413 274 2 2
417 274 2 2
420 274 2 2
424 274 2 2
427 274 2 2
431 274 1 1
298 277 1 1
301 278 1 1
305 278 1 1
308 278 1 1
312 278 1 1
315 278 1 1
319 277 1 1
322 277 2 2
326 277 2 2
329 277 1 1
333 277 1 1
336 277 2 2
340 277 2 2
343 277 2 2
347 277 2 2
350 277 2 2
354 277 2 2
357 277 1 1
361 277 1 1
364 277 1 1
368 278 1 1
371 278 1 1
375 278 1 1
378 278 1 1
382 278 1 1
385 278 1 1
389 277 1 1
392 277 1 1
396 277 1 1
399 278 1 1
403 278 1 1
406 277 2 2
410 277 1 1
413 277 1 1
417 277 2 2
420 277 1 1
424 277 2 2
427 277 2 2
431 277 1 1
298 281 1 1
301 281 1 1
305 281 1 1
308 281 1 1
312 281 1 1
315 281 1 1
319 281 1 1
322 281 1 1
326 281 2 2
329 281 1 1
333 281 1 1
336 281 1 1
340 281 1 1
343 281 1 1
347 281 1 1
350 281 1 1
354 281 1 1
357 281 1 1
361 281 1 1
364 281 1 1
368 281 1 1
371 281 1 1
375 281 1 1
378 281 1 1
382 281 1 1
385 281 1 1
389 281 1 1
392 281 1 1
396 281 1 1
399 281 1 1
403 281 1 1
406 281 2 2
410 281 1 1
413 281 1 1
417 281 1 1
420 281 1 1
424 281 1 1
427 281 2 2
431 281 1 1
298 285 1 1
301 285 1 1
305 285 1 1
308 285 1 1
312 285 1 1
315 285 1 1
319 285 1 1
322 285 1 1
326 285 1 1
329 285 1 1
333 285 1 1
336 285 1 1
340 285 1 1
343 285 1 1
347 285 1 1
350 285 1 1
354 285 1 1
357 285 1 1
361 285 1 1
364 285 1 1
368 285 1 1
371 285 1 1
375 285 1 1
378 285 1 1
382 285 1 1
385 285 1 1
389 285 1 1
392 285 1 1
396 285 1 1
399 285 1 1
403 285 1 1
406 285 2 2
410 285 2 2
413 285 1 1
417 285 1 1
420 285 1 1
424 285 1 1
427 285 2 2
431 285 1 1
298 288 1 1
301 288 1 1
305 288 1 1
308 288 1 1
312 288 1 1
315 288 1 1
319 288 1 1
322 288 1 1
326 288 1 1
329 288 1 1
333 288 1 1
336 288 1 1
340 288 1 1
343 288 1 1
347 288 1 1
350 288 1 1
354 288 1 1
357 288 1 1
361 288 1 1
364 288 1 1
368 288 1 1
371 288 1 1
375 288 1 1
378 288 1 1
382 288 1 1
385 288 1 1
389 288 1 1
392 288 1 1
396 288 1 1
399 288 1 1
403 288 1 1
406 288 2 2
410 288 2 2
413 288 1 1
417 288 1 1
420 288 1 1
424 288 1 1
427 288 1 1
431 288 1 1
298 292 1 1
301 292 1 1
305 292 1 1
308 292 1 1
312 292 1 1
315 292 1 1
319 292 1 1
322 292 1 1
326 292 1 1
329 292 1 1
333 292 1 1
336 292 1 1
340 292 1 1
343 292 1 1
347 292 1 1
350 292 1 1
354 292 1 1
357 292 1 1
361 292 1 1
364 292 1 1
368 292 1 1
371 292 1 1
375 292 1 1
378 292 1 1
382 292 1 1
385 292 1 1
389 292 1 1
392 292 1 1
396 292 1 1
399 292 1 1
403 292 1 1
406 292 2 2
410 292 2 2
413 292 1 1
417 292 1 1
420 292 1 1
424 292 1 1
427 292 1 1
431 292 1 1
298 296 1 1
301 296 1 1
305 296 1 1
308 296 1 1
312 296 1 1
315 296 1 1
319 296 1 1
322 296 1 1
326 296 1 1
329 296 1 1
333 296 1 1
336 296 1 1
340 296 1 1
343 296 1 1
347 296 1 1
350 296 1 1
354 296 1 1
357 296 1 1
361 296 1 1
364 296 1 1
368 296 1 1
371 296 1 1
375 296 1 1
378 296 1 1
382 296 1 1
385 296 1 1
389 295 1 1
392 295 1 1
396 295 1 1
399 296 1 1
403 296 1 1
406 295 2 2
410 295 2 2
413 295 2 2
417 295 1 1
420 296 1 1
424 296 1 1
427 296 1 1
431 296 1 1
298 299 1 1
301 299 1 1
305 299 1 1
308 299 1 1
312 299 1 1
315 299 1 1
319 299 1 1
322 299 1 1
326 299 1 1
329 299 1 1
333 299 1 1
336 299 1 1
340 299 1 1
343 299 1 1
347 299 1 1
350 299 1 1
354 299 1 1
357 299 1 1
361 299 1 1
364 299 1 1
368 299 1 1
371 299 1 1
375 299 1 1
378 299 1 1
382 299 1 1
385 299 1 1
389 299 1 1
392 299 1 1
396 299 2 2
399 299 1 1
403 299 1 1
406 299 2 2
410 299 2 2
413 299 2 2
417 299 1 1
420 299 1 1
424 299 1 1
427 299 1 1
298 303 1 1
301 303 1 1
305 303 1 1
308 303 1 1
312 303 1 1
315 303 1 1
319 303 1 1
322 303 1 1
326 303 1 1
329 303 1 1
333 303 1 1
336 303 1 1
340 303 1 1
343 303 1 1
347 303 1 1
350 303 1 1
354 303 1 1
357 303 1 1
361 303 1 1
364 303 1 1
368 303 1 1
371 303 1 1
375 303 1 1
378 303 1 1
382 303 1 1
385 303 1 1
389 303 1 1
392 303 1 1
396 303 2 2
399 303 1 1
403 303 2 2
406 303 2 2
410 302 2 2
413 303 2 2
417 303 2 2
420 303 1 1
424 303 1 1
427 303 1 1
298 306 1 1
301 306 1 1
305 306 1 1
308 306 1 1
312 306 1 1
315 306 1 1
319 306 1 1
322 306 1 1
326 306 1 1
329 306 1 1
333 306 1 1
336 306 1 1
340 306 1 1
343 306 1 1
347 306 1 1
350 306 1 1
354 306 1 1
357 306 1 1
361 306 1 1
364 306 1 1
368 306 1 1
371 306 1 1
375 306 1 1
378 306 1 1
382 306 1 1
385 306 1 1
389 306 1 1
392 306 1 1
396 306 2 2
399 306 1 1
403 306 2 2
406 306 2 2
410 306 2 2
413 306 2 2
417 306 2 2
420 306 1 1
424 306 1 1
427 306 1 1
301 310 1 1
305 310 1 1
308 310 1 1
312 310 1 1
315 310 1 1
319 310 1 1
322 310 1 1
326 310 1 1
329 310 1 1
333 310 1 1
336 310 1 1
340 310 1 1
343 310 1 1
347 310 1 1
350 310 1 1
354 310 1 1
357 310 1 1
361 310 1 1
364 310 1 1
368 310 1 1
371 310 1 1
375 310 1 1
378 310 1 1
382 310 1 1
385 310 1 1
389 310 1 1
392 310 1 1
396 310 1 1
399 310 1 1
403 310 2 2
406 310 2 2
410 310 2 2
413 310 2 2
417 310 2 2
420 310 1 1
424 310 1 1
427 310 1 1
305 314 1 1
308 314 1 1
312 314 1 1
315 314 1 1
319 314 1 1
322 314 1 1
326 314 1 1
329 314 1 1
333 314 1 1
336 313 1 1
340 313 2 2
343 313 1 1
347 314 1 1
350 314 1 1
354 314 1 1
357 314 1 1
361 314 1 1
364 314 1 1
368 314 1 1
371 314 1 1
375 314 1 1
378 314 1 1
382 314 1 1
385 314 1 1
389 314 1 1
392 313 1 1
396 313 1 1
399 314 1 1
403 313 2 2
406 313 2 2
410 313 2 2
413 313 2 2
417 313 2 2
420 314 1 1
424 314 1 1
427 314 1 1
308 317 1 1
312 317 1 1
315 317 1 1
319 317 1 1
322 317 1 1
326 317 1 1
329 317 1 1
333 317 1 1
336 317 1 1
340 317 2 2
343 317 1 1
347 317 1 1
350 317 1 1
354 317 1 1
357 317 1 1
361 317 1 1
364 317 1 1
368 317 1 1
371 317 1 1
375 317 1 1
378 317 1 1
382 317 1 1
385 317 1 1
389 317 1 1
392 317 1 1
396 317 1 1
399 317 1 1
403 317 2 2
406 317 2 2
410 317 2 2
413 317 2 2
417 317 2 2
420 317 1 1
424 317 1 1
427 317 1 1
312 321 1 1
315 321 1 1
319 321 1 1
322 321 1 1
326 321 1 1
329 321 1 1
333 321 1 1
336 321 1 1
340 321 1 1
343 321 1 1
347 321 1 1
350 321 1 1
354 321 1 1
357 321 1 1
361 321 1 1
364 321 1 1
368 321 1 1
371 321 1 1
375 321 1 1
378 321 1 1
382 321 1 1
385 321 1 1
389 321 1 1
392 321 1 1
396 321 1 1
399 321 2 2
403 321 2 2
406 321 2 2
410 321 2 2
413 321 1 1
417 321 1 1
420 321 1 1
424 321 1 1
315 324 1 1
319 324 1 1
322 324 1 1
326 324 1 1
329 324 1 1
333 324 1 1
336 324 1 1
340 324 1 1
343 324 1 1
347 324 1 1
350 324 1 1
354 324 1 1
357 324 1 1
361 324 1 1
364 324 1 1
368 324 1 1
371 324 1 1
375 324 1 1
378 324 1 1
382 324 1 1
385 324 1 1
389 324 1 1
392 324 1 1
396 324 1 1
399 324 1 1
403 324 2 2
406 324 1 1
410 324 2 2
413 324 2 2
417 324 2 2
420 324 1 1
424 324 1 1
427 324 1 1
319 328 1 1
322 328 2 2
326 328 2 2
329 328 2 2
333 328 1 1
336 328 1 1
340 328 1 1
343 328 1 1
347 328 1 1
350 328 1 1
354 328 1 1
357 328 1 1
361 328 1 1
364 328 1 1
368 328 1 1
371 328 1 1
375 328 1 1
378 328 1 1
382 328 1 1
385 328 1 1
389 328 1 1
392 328 1 1
396 328 1 1
399 328 1 1
403 328 1 1
406 328 1 1
410 328 1 1
413 328 2 2
417 328 1 1
420 328 1 1
424 328 1 1
427 328 1 1
322 332 1 1
326 331 2 2
329 331 2 2
333 331 1 1
336 331 1 1
340 332 1 1
343 332 1 1
347 332 1 1
350 332 1 1
354 332 1 1
357 331 1 1
361 332 1 1
364 332 1 1
368 332 1 1
371 332 1 1
375 332 1 1
378 332 1 1
382 332 1 1
385 332 1 1
389 331 1 1
392 331 1 1
396 332 1 1
399 331 1 1
403 331 1 1
406 331 1 1
410 331 1 1
413 331 1 1
417 332 1 1
420 331 1 1
424 332 1 1
427 332 1 1
326 335 1 1
329 335 1 1
333 335 1 1
336 335 1 1
340 335 1 1
343 335 1 1
347 335 1 1
350 335 1 1
354 335 1 1
357 335 1 1
361 335 2 2
364 335 1 1
368 335 1 1
371 335 1 1
375 335 1 1
378 335 1 1
382 335 1 1
385 335 1 1
389 335 1 1
392 335 1 1
396 335 1 1
399 335 1 1
403 335 1 1
406 335 1 1
410 335 1 1
413 335 1 1
417 335 2 2
420 335 1 1
424 335 1 1
427 335 1 1
431 335 1 1
329 339 1 1
333 339 1 1
336 339 1 1
340 339 1 1
343 339 1 1
347 339 1 1
350 339 1 1
354 339 1 1
357 339 1 1
361 339 1 1
364 339 2 2
368 339 1 1
371 339 1 1
375 339 1 1
378 339 1 1
382 339 1 1
385 339 1 1
389 339 1 1
392 339 1 1
396 339 1 1
399 339 1 1
403 339 1 1
406 339 1 1
410 339 1 1
413 339 2 2
417 338 2 2
420 339 1 1
424 339 1 1
427 339 1 1
431 339 1 1
333 342 1 1
336 342 1 1
340 342 1 1
343 342 1 1
347 342 1 1
350 342 1 1
354 342 1 1
357 342 1 1
361 342 1 1
364 342 2 2
368 342 1 1
371 342 1 1
375 342 1 1
378 342 1 1
382 342 1 1
385 342 1 1
389 342 1 1
392 342 1 1
396 342 1 1
399 342 1 1
403 342 1 1
406 342 1 1
409 342 3 3
413 342 3 3
416 342 2 2
420 342 2 2
424 342 1 1
427 342 1 1
431 342 1 1
336 346 1 1
340 346 1 1
343 346 1 1
347 346 1 1
350 346 1 1
354 346 1 1
357 346 1 1
361 346 1 1
364 346 1 1
368 346 2 2
371 346 1 1
375 346 1 1
378 346 1 1
382 346 1 1
385 346 1 1
389 346 1 1
392 346 1 1
396 346 1 1
398 345 5 5
402 345 4 4
406 345 4 4
409 345 4 4
413 345 3 3
416 346 2 2
420 346 2 2
424 346 1 1
427 346 1 1
431 346 1 1
340 350 1 1
343 349 1 1
347 349 1 1
350 349 1 1
354 349 1 1
357 349 1 1
361 349 1 1
364 350 1 1
368 349 1 1
371 349 1 1
375 349 1 1
378 349 1 1
382 349 1 1
385 349 1 1
389 349 1 1
392 350 1 1
395 349 4 4
398 349 4 4
402 349 4 4
406 349 4 4
409 349 4 4
413 349 3 3
416 349 3 3
420 349 2 2
424 349 1 1
427 350 1 1
431 350 1 1
434 350 1 1
343 353 1 1
346 353 2 2
350 353 2 2
354 353 2 2
357 353 2 2
361 353 1 1
364 353 1 1
368 353 1 1
371 353 1 1
375 353 1 1
378 353 1 1
382 353 1 1
385 353 1 1
389 353 1 1
392 353 1 1
395 352 5 5
398 352 4 4
402 352 4 4
406 352 4 4
409 353 3 3
413 353 3 3
416 353 3 3
420 353 2 2
424 353 2 2
427 353 1 1
431 353 1 1
434 353 1 1
347 356 2 2
349 356 5 5
353 356 3 3
357 356 2 2
361 357 1 1
364 357 1 1
368 357 1 1
371 357 1 1
375 357 1 1
378 357 1 1
382 357 1 1
385 357 1 1
389 357 1 1
392 357 1 1
395 356 5 5
398 356 4 4
402 356 4 4
406 356 4 4
409 356 3 3
413 356 3 3
416 356 3 3
420 357 2 2
424 356 2 2
427 357 1 1
431 357 1 1
434 357 1 1
350 360 2 2
354 360 2 2
357 360 2 2
361 360 1 1
364 360 1 1
368 360 1 1
371 360 1 1
375 360 1 1
378 360 1 1
382 360 1 1
385 360 1 1
389 360 1 1
391 359 4 4
395 359 5 5
398 359 4 4
402 359 4 4
406 360 4 4
409 360 3 3
413 360 3 3
416 360 2 2
420 360 2 2
424 360 2 2
427 360 1 1
431 360 1 1
434 360 1 1
354 364 1 1
357 364 1 1
361 364 1 1
364 364 1 1
368 364 1 1
371 364 1 1
375 364 1 1
378 364 1 1
382 364 1 1
385 364 1 1
389 364 1 1
391 363 5 5
395 363 5 5
398 363 4 4
402 363 4 4
406 363 4 4
409 363 3 3
413 364 2 2
417 364 2 2
420 364 2 2
424 364 2 2
427 364 1 1
431 364 1 1
434 364 1 1
357 368 1 1
361 368 1 1
364 368 1 1
368 368 1 1
371 368 1 1
375 368 1 1
378 368 1 1
382 368 1 1
385 368 1 1
388 367 4 4
391 366 5 5
395 366 5 5
398 367 4 4
402 367 4 4
406 367 4 4
409 367 3 3
413 367 2 2
417 367 2 2
420 367 2 2
424 367 1 1
427 367 1 1
431 368 1 1
434 368 1 1
361 371 1 1
364 371 1 1
368 371 1 1
371 371 1 1
375 371 1 1
378 371 1 1
382 371 1 1
385 371 2 2
388 370 5 5
391 370 5 5
395 370 5 5
398 370 4 4
402 370 4 4
406 370 4 4
409 371 3 3
413 371 2 2
417 371 2 2
420 371 2 2
424 371 1 1
427 371 1 1
431 371 1 1
434 371 1 1
364 375 1 1
368 375 1 1
371 375 1 1
375 375 1 1
378 375 1 1
382 375 1 1
384 374 5 5
388 374 5 5
391 374 5 5
395 374 5 5
398 374 4 4
402 374 4 4
406 374 4 4
409 374 3 3
413 374 3 3
417 374 2 2
420 375 2 2
424 375 1 1
427 375 1 1
431 375 1 1
434 375 1 1
368 378 1 1
371 378 1 1
375 378 1 1
378 378 1 1
381 377 4 4
384 377 5 5
388 377 5 5
391 377 5 5
395 377 5 5
398 377 4 4
402 377 4 4
406 378 4 4
409 378 4 4
413 378 3 3
417 378 2 2
420 378 2 2
424 378 1 1
427 378 1 1
431 378 1 1
434 378 1 1
371 382 1 1
375 382 1 1
378 381 3 3
381 381 5 5
384 381 5 5
388 381 5 5
391 381 5 5
395 381 5 5
398 381 5 5
402 381 4 4
406 381 4 4
409 381 4 4
413 381 3 3
416 382 2 2
420 382 2 2
424 382 1 1
427 382 1 1
431 382 1 1
434 382 1 1
375 385 2 2
377 384 5 5
381 384 5 5
384 384 5 5
388 385 5 5
391 384 5 5
395 384 5 5
398 384 5 5
402 385 4 4
406 385 4 4
409 385 4 4
413 385 3 3
417 385 2 2
420 385 2 2
424 386 1 1
427 386 1 1
431 386 1 1
434 386 1 1
378 389 3 3
381 388 5 5
384 388 5 5
388 388 4 4
391 388 5 5
395 388 5 5
398 388 5 5
402 388 4 4
406 388 4 4
409 388 4 4
413 388 3 3
416 389 2 2
420 389 2 2
424 389 2 2
427 389 1 1
431 389 1 1
434 389 1 1
381 392 3 3
384 392 5 5
388 392 5 5
391 392 5 5
395 392 5 5
398 392 5 5
402 392 4 4
406 392 3 3
409 392 3 3
413 392 3 3
416 392 2 2
420 393 2 2
424 393 1 1
427 393 1 1
431 393 1 1
434 393 1 1
385 396 2 2
388 395 5 5
391 395 5 5
395 395 5 5
398 395 5 5
402 395 4 4
406 396 3 3
409 396 3 3
413 396 2 2
417 396 2 2
420 396 2 2
424 396 1 1
427 396 1 1
431 396 1 1
434 396 1 1
388 399 3 3
391 399 5 5
395 399 5 5
398 399 5 5
402 399 5 5
406 399 4 4
409 399 3 3
413 400 2 2
417 400 1 1
420 400 1 1
424 400 1 1
427 400 1 1
431 400 1 1
434 400 1 1
438 400 1 1
392 403 3 3
395 402 5 5
398 402 5 5
402 403 4 4
405 403 4 4
409 403 3 3
413 403 2 2
417 403 1 1
420 404 1 1
424 404 1 1
427 404 1 1
431 404 1 1
434 404 1 1
438 404 1 1
441 404 1 1
395 407 3 3
398 406 5 5
402 406 5 5
405 406 4 4
409 407 3 3
413 407 2 2
417 407 1 1
420 407 1 1
424 407 1 1
427 407 1 1
431 407 1 1
434 407 1 1
438 407 1 1
441 407 1 1
399 410 3 3
402 410 4 4
405 410 4 4
409 410 4 4
413 410 3 3
417 411 1 1
420 411 1 1
424 411 1 1
427 411 1 1
431 411 1 1
434 411 1 1
438 411 1 1
441 411 1 1
445 411 1 1
402 414 3 3
405 413 4 4
409 413 4 4
413 414 3 3
416 414 2 2
420 414 1 1
424 414 1 1
427 414 1 1
431 414 1 1
434 414 1 1
438 414 1 1
441 414 1 1
445 414 1 1
406 418 2 2
409 417 4 4
413 417 3 3
416 417 3 3
420 418 1 1
424 418 1 1
427 418 1 1
431 418 1 1
434 418 1 1
438 418 1 1
441 418 1 1
445 418 1 1
409 421 2 2
412 421 4 4
416 421 3 3
420 421 3 3
424 422 1 1
427 422 1 1
431 422 1 1
434 422 1 1
438 422 1 1
441 422 1 1
445 422 1 1
448 422 1 1
413 425 2 2
416 424 3 3
420 425 3 3
424 425 2 2
427 425 1 1
431 425 1 1
434 425 1 1
438 425 1 1
441 425 1 1
445 425 1 1
448 425 1 1
417 428 2 2
420 428 3 3
423 428 3 3
427 429 1 1
431 429 1 1
434 429 1 1
438 429 1 1
441 429 1 1
445 429 1 1
448 429 1 1
420 432 2 2
423 432 3 3
427 432 2 2
431 432 1 1
434 432 1 1
438 432 1 1
441 432 1 1
445 432 1 1
448 432 1 1
452 432 1 1
424 436 2 2
427 435 3 3
431 436 2 2
434 436 1 1
438 436 1 1
441 436 1 1
445 436 1 1
448 436 1 1
452 436 1 1
427 439 2 2
430 439 3 3
434 439 1 1
438 440 1 1
441 440 1 1
445 440 1 1
448 440 1 1
452 440 1 1
431 443 2 2
434 443 2 2
438 443 1 1
441 443 1 1
445 443 1 1
448 443 1 1
452 443 1 1
434 447 1 1
438 447 1 1
441 447 1 1
445 447 1 1
448 447 1 1
452 447 1 1
438 450 1 1
441 450 1 1
445 450 1 1
448 450 1 1
452 450 1 1
441 454 1 1
445 454 1 1
448 454 1 1
452 454 1 1
445 458 1 1
448 458 1 1
448 461 1 1
476 490 1 1
480 490 1 1
483 490 1 1
487 490 1 1
480 494 1 1
483 494 1 1
487 494 1 1
490 494 1 1
494 494 1 1
483 497 1 1
487 497 1 1
490 497 1 1
494 497 1 1
497 497 1 1
487 501 1 1
490 501 2 2
494 501 1 1
497 501 1 1
501 501 1 1
504 501 1 1
490 504 1 1
494 504 1 1
497 504 1 1
501 504 1 1
504 504 1 1
508 504 1 1
511 504 1 1
494 508 1 1
497 508 1 1
501 508 1 1
504 508 1 1
508 508 1 1
511 508 1 1
515 508 1 1
518 508 1 1
497 512 1 1
501 512 1 1
504 512 1 1
508 512 1 1
511 512 1 1
515 512 1 1
518 512 1 1
522 512 1 1
501 515 1 1
504 515 1 1
508 515 1 1
511 515 1 1
515 515 1 1
518 515 1 1
522 515 1 1
525 515 1 1
504 519 1 1
508 519 1 1
511 519 1 1
515 519 1 1
518 519 1 1
522 519 1 1
525 519 1 1
529 519 1 1
508 522 1 1
511 522 1 1
515 522 1 1
518 522 1 1
522 522 1 1
525 522 1 1
529 522 1 1
532 522 1 1
511 526 1 1
515 526 1 1
518 526 1 1
522 526 1 1
525 526 1 1
529 526 1 1
532 526 1 1
536 526 1 1
515 530 1 1
518 530 1 1
522 530 1 1
525 530 1 1
529 530 1 1
532 530 1 1
536 530 1 1
518 533 1 1
522 533 1 1
525 533 1 1
529 533 1 1
532 533 1 1
536 533 1 1
539 533 1 1
522 537 1 1
525 537 1 1
529 537 1 1
532 537 1 1
536 537 1 1
539 537 1 1
525 540 1 1
529 540 1 1
532 540 1 1
536 540 1 1
539 540 1 1
543 540 1 1
529 544 1 1
532 544 1 1
536 544 1 1
539 544 1 1
543 544 1 1
532 548 1 1
536 548 1 1
539 548 1 1
543 548 1 1
546 548 1 1
536 551 1 1
539 551 1 1
543 551 1 1
546 551 1 1
539 555 1 1
543 555 1 1
546 555 1 1
543 558 1 1
546 558 1 1
550 558 1 1
546 562 1 1
550 562 1 1
550 566 1 1
553 566 1 1
553 569 1 1
557 573 1 1